0.479624 0.058554 1.204595 100 4 80
0.577615 0.047590 18.128736 100 4 1556
0.522973 0.043415 33.417212 100 4 3032
0.512989 0.029296 50.025057 100 4 4508
0.499075 0.038215 65.342428 100 4 5985
0.494288 0.040487 1.420610 100 5 80
0.569174 0.042376 21.636366 100 5 1556
0.523918 0.037418 41.482156 100 5 3032
0.539205 0.053371 61.290981 100 5 4508
0.516687 0.028717 81.230638 100 5 5985
0.498675 0.058038 1.617791 100 6 80
0.550802 0.022531 24.970208 100 6 1556
0.584712 0.046488 48.178419 100 6 3032
0.568894 0.060453 72.215046 100 6 4508
0.560446 0.028380 95.287735 100 6 5985
0.519139 0.059364 2.072458 100 8 80
0.585052 0.047307 32.993819 100 8 1556
0.560800 0.058246 62.029426 100 8 3032
0.534576 0.046262 91.146110 100 8 4508
0.541001 0.071912 122.377160 100 8 5985
0.531389 0.046269 2.338795 100 10 80
0.580849 0.037949 37.666296 100 10 1556
0.559751 0.039526 80.600141 100 10 3032
0.572627 0.034580 116.286706 100 10 4508
0.562717 0.036960 149.987653 100 10 5985
0.527944 0.022400 2.867808 100 14 80
0.568503 0.037811 46.213657 100 14 1556
0.587546 0.021181 89.443829 100 14 3032
0.548270 0.033071 133.704150 100 14 4508
0.581696 0.058545 173.336553 100 14 5985
0.519838 0.059042 2.871798 100 18 80
0.568719 0.021632 47.539286 100 18 1556
0.568418 0.024876 93.403159 100 18 3032
0.584593 0.055805 138.166516 100 18 4508
0.570395 0.015273 178.815311 100 18 5985
